z
z
z
z
z
z
z
z
z
z
z
z
z
z
z
z
z
z
z
z
z
z
z
z
z
z
z
z
z
z
z
z
z
z
z
z
z
z
Z
Z
0
0
0
0
0
0
0
0
0
0
0
0
0
0
0
0
0
0
39
45
2
60
19
5
62
12
29
54
0
37
48
1
58
22
18
60
14
27
56
0
52
31
1
58
23
16
61
3
43
117
14
82
83
9
124
57
29
123
5
92
74
18
111
45
41
108
14
93
86
26
97
47
57
82
43
68
67
54
68
100
103
55
135
63
99
115
48
148
81
74
135
50
118
95
63
113
96
70
125
78
78
146
47
105
124
27
173
79
59
166
69
166
119
94
175
95
122
161
72
183
101
126
136
101
162
76
185
89
135
147
71
199
53
139
140
93
157
104
134
120
148
137
174
158
117
235
51
232
129
134
213
99
187
174
123
174
177
88
254
81
190
168
109
218
95
204
134
166
153
146
177
188
185
214
133
267
101
263
133
150
233
146
